7486
8767
6955
8335
7863
11177
8674
10848
2176
5936
14896
5683
2704
8914
4038
10530
7026
15799
6190
250
10478
2640
8546
9222
8245
3009
11048
10661
3434
12449
3347
12893
5956
10739
5552
7535
13696
10346
8899
7707
12058
7663
8922
10021
11477
12514
2025
15754
1843
9774
1850
4604
5646
904
3292
6283
5566
9936
3542
3072
5875
4053
5265
7838
2246
5014
16581
6898
11467
8477
9557
10991
7175
3766
3902
10488
11300
10391
5789
11921
4002
10546
12951
10230
2402
1975
7885
15478
2905
15116
310
5581
9406
5595
6700
9564
8865
1893
11943
7517
9236
6996
8107
10010
7128
14168
7575
7553
11384
1993
14157
5979
6885
11045
7886
5526
5656
7329
8565
6671
11095
9686
5424
9403
9398
14410
6970
10075
14546
6877
3852
6724
2797
4703
5760
2260
11095
9891
11520
8035
12204
7651
5229
3552
7149
4972
2603
1081
11407
8428
8616
6108
7323
6081
3183
7785
5106
12299
15002
12630
9418
8177
12153
1195
2638
5488
10510
9303
9970
5814
7225
12206
7883
5286
1588
9749
5857
6501
9031
9799
6515
7854
2836
15801
1318
8525
8364
322
14628
15701
5178
4896
2518
3465
4907
9520
1283
7419
13226
6355
2258
4049
6713
10328
7794
684
7491
8359
9972
11738
6317
11057
1868
7698
854
9469
11470
6794
12998
7892
13329
1518
14101
18707
7962
9006
1805
3561
3737
10892
5097
2277
5451
8545
8637
10249
8866
8514
6793
11377
6569
13899
9998
6619
7831
10902
7384
4893
6748
4241
6426
9825
2207
11212
2063
7834
7662
6380
7549
10169
7768
1297
12821
9436
4965
19398
10648
3957
5035
8410
5364
6644
11813
7040
4763
11586
11446
12070
5881
4093
9330
5958
4754
11356
9830
3941
10173
11733
13784
5193
6257
15154
7215
3748
6597
4996
13298
2213
4804
9654
12013
1365
15604
7473
13165
1643
3398
7003
8834
8427
9430
2035
9484
11163
5554
3928
8844
14567
7019
6421
6892
5296
8265
5148
7102
9790
7179
7380
9142
12716
7174
7127
12973
8291
8294
7022
21163
7702
5190
1610
15384
8901
1644
10838
6232
8555
7671
12132
4639
3612
12161
14924
12709
8162
7299
10157
9226
5641
6837
9704
6007
947
8899
9145
3541
9648
7180
8006
1847
14434
8723
7003
3021
8738
8752
5698
13174
4774
6070
8012
9549
3478
14085
8241
6862
12497
3557
12088
6666
12600
7204
13796
1500
7052
4994
6308
5239
5404
16439
1993
11262
12327
10559
10628
10286
11006
5531
13745
1564
7121
2319
9031
8120
11832
5372
2474
7369
12083
5638
13525
6142
8256
8469
7019
11617
19810
9265
2210
11668
10640
4209
5089
10580
1970
9511
10375
9873
2618
2705
3925
4545
8096
5652
14779
12647
12175
7770
7931
5412
6845
1003
1945
6998
9590
15068
7301
9675
5425
8497
11702
12336
2625
5888
3858
5798
7232
7721
3767
12529
8112
6019
4345
1384
5842
2433
3536
5134
1811
13010
5555
14658
4889
18109
12452
3756
3151
4676
6108
7576
5585
8351
7676
1961
1458
7691
6599
1253
6677
8242
8703
333
9594
8633
14307
12591
8038
898
6734
9235
5178
3869
1891
12742
10490
9189
8214
10724
6825
11511
9032
6329
2760
4529
3720
10186
9288
9850
6738
2112
5444
5552
8307
6689
11623
10203
3000
6418
13335
9543
10212
9758
8507
8325
7874
2321
7391
5992
7804
7309
9891
7150
6052
10733
5115
652
7652
2470
6485
2519
10417
4865
4432
7101
10277
5510
10137
12265
8911
11393
5551
14715
12091
2100
9712
10649
1795
1192
3921
322
5265
2847
7150
7062
5361
2246
9817
6825
12660
5124
10117
7123
4265
6452
5513
6635
4491
10181
13506
10114
4060
11473
7357
6457
8537
6985
8478
7934
6571
8819
7643
7916
9499
13331
12449
9793
4576
4175
5287
6256
2051
10226
5074
3421
9811
4487
2551
12599
5077
8040
2369
6578
14758
2369
14361
10305
5025
6784
4627
2258
5802
6901
5768
1325
5969
7779
9746
9201
7191
11482
7221
6901
8286
5999
7349
7080
9831
7300
9697
7983
14505
8877
6899
5206
11311
5964
8177
14904
8069
2605
9410
4935
755
5345
4311
6541
5170
8742
11835
9134
8101
7552
6615
9504
9899
8811
2059
9184
7962
7316
5912
15635
8119
7506
12186
12088
7454
1378
10612
11279
16289
11200
5062
1656
705
7652
7161
7545
1342
10826
9890
1619
8449
10199
8719
7587
6078
11563
6053
7251
5618
8255
7483
7718
7565
11006
1368
7674
14907
3090
6905
1444
2729
9931
6651
3189
6291
3952
3016
4689
3328
5245
13867
2519
6433
9981
10473
11396
5462
11997
16883
11339
6093
5526
11687
8109
8546
6763
11370
1142
4094
8897
901
4456
449
11853
2182
7004
12984
6459
5515
8557
2339
11842
9713
7831
12401
7786
4412
11911
4248
8099
1470
10180
4769
2218
9648
9221
9806
8869
5383
8454
11970
7632
9804
12150
8362
7689
7527
16453
4923
4985
15139
6924
5321
6127
7582
4877
1702
2624
7581
7197
5603
5212
10481
6710
9628
4022
8606
23383
9199
9359
6110
11426
6352
15652
1556
1535
16402
14066
5731
6530
14546
2259
6738
5135
16003
6994
6938
11423
2311
10791
6228
11947
466
11488
18306
11086
7378
3891
9648
10206
15151
5602
9038
7319
8956
7313
7078
11560
7498
5887
494
8152
5085
1904
2950
7677
6995
10932
6851
4674
17896
1459
11494
5452
11723
12158
4165
15169
2621
8967
8584
8202
7239
1714
4829
2987
1136
11378
9634
2651
811
4677
6854
324
1514
10785
6803
7570
9496
6230
2251
6097
6113
9337
2968
11985
13319
8864
7823
7555
6648
7142
6965
11065
15339
4017
6974
4802
13690
8121
5083
4286
9418
4698
6764
6677
7203
13061
9802
5552
2320
6409
11355
9002
12622
3967
11874
11211
2112
1039
8850
5728
9685
10669
4287
4224
3966
4926
8939
8129
1176
7679
5980
5599
8561
6272
2418
7660
18549
12004
7237
9946
10074
4506
9432
6737
5119
694
2641
1968
4915
6864
9281
9138
14601
10148
12960
4080
6330
8518
7139
12687
10133
4567
6982
1848
6386
11684
8894
7139
1641
5215
8655
5898
1682
10871
3808
8064
5082
8773
9361
1789
5386
6719
5065
11657
12397
2462
9471
10184
11133
8753
6119
9253
2327
9507
7814
9220
6424
8233
4497
6296
5757
11973
8408
2703
10797
8677
10841
9606
4963
3405
15599
8221
8987
1970
10760
11746
6854
1391
7153
8012
12007
7124
1330
1363
14918
5226
6575
8382
4584
6975
846
5043
3206
7925
16254
10442
1915
7442
12563
10045
11400
5813
5943
11493
11319
3134
4778
7456
9175
10926
9463
11363
12578
4594
10657
6585
7714
6609
3945
6194
7693
3211
2689
11765
8146
11859
13678
8868
6037
9171
13920
2190
9664
1178
5146
6561
1294
7414
15897
9661
9016
1760
5643
7923
7015
9488
4869
6046
13048
8396
10628
6943
11675
10729
11352
10131
2789
1715
11169
7126
6847
6293
9302
7286
9562
5797
11249
7743
9815
9812
7329
5925
9035
3485
7285
4546
7998
2170
7539
1709
3567
5765
10952
4739
8002
5954
2455
8045
1645
9370
7695
7331
8064
10036
11700
4486
7914
6035
983
2525
12995
4616
8028
3737
2205
14987
14451
9417
7077
7974
4381
6565
6155
12594
9569
10580
402
5271
2022
7879
2983
5760
6850
3469
11066
7861
5124
6685
6567
4050
7897
5987
7881
8045
7814
2905
9077
8280
8581
10963
6887
6329
7400
7927
8151
10635
12358
1786
1496
9096
4234
683
6985
7164
17212
9644
4184
9014
2030
3232
8853
6454
19536
3910
10570
8659
9445
9659
9228
14097
1748
11529
6335
6496
5298
14102
8797
1982
4414
10282
1386
6142
8277
6884
4568
7943
12901
9340
4804
6948
1545
6433
4837
9386
3830
6693
7330
9041
11372
17564
8011
4843
8250
6844
8208
7680
14163
6868
5583
7376
6098
12838
4980
8892
4112
5896
10011
6890
4907
8527
10865
11018
8432
8002
1689
4023
8816
5232
9783
5480
9224
7727
10745
9192
8606
8477
4178
10139
10920
11415
8251
8698
12393
12343
6227
8068
11179
5396
11776
5241
8227
2523
7638
5902
10076
7575
4832
11265
6266
14363
14855
10876
9579
11865
6453
1833
1638
3586
2593
3960
14999
2479
13378
7106
7411
5718
9978
7656
9037
5449
14281
7523
6651
1298
4639
8036
5999
7256
3457
9749
12750
6524
3843
4690
2730
5021
6620
8571
6705
8742
9758
9489
12793
8984
4520
9917
7538
14123
5414
11575
10220
1937
8035
9281
5669
12210
3036
8039
12022
6079
10380
12781
13650
6872
8145
8594
4783
2045
6860
9014
6289
1441
5565
8533
8894
7331
8353
12909
3390
438
10575
1221
14299
11136
5825
7893
654
7859
6476
9982
8969
2118
11464
3592
5269
12802
13838
6215
4709
8501
11018
7757
9365
1324
10442
2357
5604
10447
8638
5826
8970
8254
8739
9222
13031
8425
9356
8423
8831
7860
427
6455
10850
3946
10221
6863
5063
8070
8425
6891
9368
8200
5047
10048
10675
6217
5326
2758
2909
8282
9037
3023
8683
1836
12515
4134
12743
3603
6795
2327
6887
16873
5655
11423
5376
5745
6564
4400
1009
6825
7910
8926
8955
3338
10173
10626
5594
5858
5232
6981
6915
6509
5631
7869
9666
8421
