8383
11909
5936
9303
8246
4951
9254
7986
9380
11188
1836
6500
10710
7928
9119
5639
7169
11449
8946
6497
7649
10104
7977
4726
2485
7812
10042
8361
4220
4508
11243
5116
8884
15163
6878
14265
2834
8370
10073
6530
9808
8287
10844
4736
2301
9043
5173
8646
8518
9157
10028
10735
3739
7926
1937
7947
6897
13711
12503
2586
13948
12072
7333
11368
7084
6719
8355
8179
7133
414
10012
8375
9235
8717
10618
7115
5744
12434
8166
7383
7524
4465
2785
1057
8482
6158
1758
12713
6356
10832
11965
8232
7683
7693
5459
12056
6507
11446
7656
14385
5458
10483
7493
5995
11866
7356
6564
14518
3976
2313
10946
5205
7969
4138
9441
7576
14063
8964
6315
7666
6939
9459
3714
9711
12058
8998
1137
7302
7464
14881
8483
5893
4143
2642
13746
3936
6820
11461
11727
1906
4535
6869
6235
10104
8136
4245
10585
9802
3107
5497
7092
15075
13063
8014
7998
6578
7727
8040
9665
4513
13114
8579
11856
835
9293
2843
12804
10106
7366
5747
8596
3938
7131
13011
1864
6697
7740
7268
9671
1501
6733
8700
7429
6279
12074
8894
10759
11961
6775
5726
3362
6627
2968
2785
9102
8948
8496
9857
5694
9837
9652
10764
9452
5818
7893
12030
13545
9627
9937
6112
8590
1528
6358
5694
11779
6321
6089
7100
9894
3480
4611
5924
7717
5787
6231
8491
5269
4746
6216
16628
14606
5563
5896
8651
8670
8242
7951
6524
5771
2777
8487
9096
8141
5680
5409
10954
6771
11820
13943
7450
7319
10582
5294
9587
5640
3112
1391
1215
9833
7405
7417
5557
9636
7508
7880
13390
7189
6486
12398
11444
7069
2934
11906
13397
9611
8568
4546
8852
3847
12325
9185
8835
4556
11009
6452
7706
10430
8173
4659
13667
12271
9851
3901
6952
4491
8757
8405
6618
7304
7664
13723
8449
4510
7231
11679
12171
6894
1339
6879
3751
8390
9232
4875
6901
16942
10243
10975
3476
7275
4961
5110
2902
2394
17743
7705
10131
6377
8396
9694
9302
5280
8112
8343
8629
9497
6860
2213
8369
12501
14100
16709
2480
10040
10626
8131
9849
7246
1714
6625
9319
17145
12878
8106
2971
8055
13371
13226
9136
7367
8017
5332
11963
12257
11460
9497
6359
11599
5591
5426
6575
17342
6285
6305
9849
7515
3649
4550
15582
7686
9089
5694
8208
10088
8882
7516
7471
2984
9723
8284
4912
12805
6704
6360
10178
6054
2304
8974
13066
10838
8045
11338
13961
15224
8558
10007
5979
9409
12229
2452
6002
7502
17541
9613
3370
5134
5840
7557
6119
7610
6937
345
2928
9456
5342
7254
5623
9546
6439
10468
6963
11553
14689
7507
7868
9364
10618
1484
12279
9034
12843
12867
3248
8399
8326
5730
8227
3001
9041
6846
10371
5575
11415
6457
6949
5339
3025
7831
3548
9697
10018
7323
10766
11942
7153
11436
6279
1124
7792
4504
6886
13850
6113
7899
9874
1299
8093
1650
6870
1326
13063
15366
6479
10936
5164
8464
13264
10198
6626
7744
8781
5647
7947
10001
10818
7640
8639
3319
6304
12900
11491
5834
5665
9027
8575
9761
10522
15250
7307
670
9427
7570
5596
6011
4684
9798
2922
14631
3238
7999
2627
6955
5544
5154
7692
10287
7167
8801
5793
1516
6370
8988
13538
3790
7495
6658
1426
9755
9334
7391
11762
7202
6608
6872
6733
12150
11840
2467
9998
7500
8014
7473
5254
7253
12230
7439
7480
10225
2592
9597
7203
8297
12168
8426
2656
12288
7865
14482
13674
6755
9320
13312
1478
3972
4694
20588
11027
9622
1980
4060
11193
3542
7974
10155
5816
9616
7585
2429
2610
3831
12348
6962
9828
7163
13610
6171
10763
4329
7898
12414
7280
9559
9242
6963
7248
922
5925
16662
3149
10719
11303
13321
9133
5822
4508
7521
13200
5918
6858
9556
9629
1913
7283
5157
7611
7379
11881
12993
9401
7826
8463
4380
5498
2855
7020
6466
4054
6784
8206
15094
7597
7591
6449
8330
8076
12921
6703
8356
9141
10276
11541
7299
3838
12551
7084
11060
3018
11599
8050
11575
10498
6999
11043
8637
12364
16814
8710
3028
10342
8488
9423
861
4795
12206
2083
4408
10794
11962
2887
8927
6004
7094
6729
10053
7628
10493
18047
7676
7611
1140
4556
2730
9661
4333
7514
6770
7224
6424
11114
8143
11355
8090
10862
12532
11531
11638
8654
10177
6818
6305
1526
8898
8393
9831
9443
10960
8024
10186
7048
8657
9113
8372
2266
9922
11418
9498
9557
8065
7222
7865
5746
927
2396
6760
5871
4603
8131
13556
6559
6874
6062
13393
6113
8915
2853
3060
1571
13180
8196
5968
4825
11212
5981
5691
8487
10646
3173
7090
1487
9243
3469
1962
5110
14503
7372
5661
15154
7697
10026
9449
9061
4280
11248
6266
6734
9555
6262
11852
3531
10161
8722
14950
13448
8360
4627
7725
5590
9184
1836
9431
9108
7858
6821
6217
3278
6841
544
5894
8715
11514
11635
14752
5150
6499
5155
13580
15561
9222
8772
9528
3650
6586
7322
4783
7575
6779
9290
11954
7597
12421
6187
13648
8092
7408
6810
8077
5626
11884
9477
6232
7455
7853
8676
5761
13413
7093
5798
8493
15830
2902
5997
4983
4582
10054
15164
10545
11374
7516
5574
6188
10296
8628
4029
2545
1896
4653
1528
6340
4278
10644
10491
7780
4749
10611
4554
6859
9099
9500
6082
4513
10385
5979
8028
10735
2574
4152
6035
2617
908
12366
2965
1743
2026
10399
5147
2039
7849
11454
2489
11625
11034
9617
10218
4904
4588
4643
6319
14319
3758
5560
10896
4790
6788
7213
3356
5619
4833
11740
9264
4277
10219
14527
7720
10335
10300
11056
7946
15080
9276
8374
10918
7561
9005
7630
8528
1232
6263
8581
7399
8411
1367
1770
5273
1991
5262
9548
2213
6626
8676
3557
8826
7885
9349
2376
4535
7177
1056
6979
8150
8559
9300
5235
6776
8593
10656
6333
5441
15957
7924
9799
6285
5517
1478
11772
14185
10839
8670
1705
11272
6721
7559
7577
7247
11665
9244
7067
11333
9379
4832
9552
8218
11633
18067
5784
3798
10191
5846
2954
3811
6403
8858
8118
11767
3149
8938
9503
9731
5791
9612
6683
3252
8255
3493
8613
5863
1366
6225
8605
7676
7995
2851
5891
8486
6485
5505
13093
6858
12916
14305
9767
1424
13323
8384
16048
8184
11610
10568
11515
9585
6090
7380
8492
4108
6691
7240
6898
6603
7437
12222
8448
10906
2192
1663
4657
6949
6225
3333
4489
9544
2190
7252
5229
5161
8737
3980
5487
9079
2018
9618
5890
7752
9532
4435
1797
12021
6327
6389
8654
6720
12259
9629
5769
10418
8507
11336
7629
7281
8965
997
12326
1642
3380
11519
10394
812
10063
4521
6641
14620
5663
6368
7174
2991
3948
7176
8093
8320
1524
3462
3273
671
3934
6456
10606
6003
2647
9889
3498
2732
7087
9377
3368
9815
1736
7066
3632
19373
9519
7653
2735
5302
16636
7809
8325
4756
7172
9076
10472
12249
4131
11295
6044
11229
7775
10704
7137
14774
4116
6500
6775
13370
5943
8573
6691
7874
17029
8668
11360
1039
13763
10885
7908
1428
4708
17402
10236
6816
9046
16874
1424
9369
8102
8147
9259
10575
3001
5551
3671
4464
5356
13854
6513
11046
6941
6589
4893
466
6097
4678
10018
5077
2038
2005
10125
7150
5959
12529
7166
5106
6006
8740
14141
1466
7660
7781
11209
4825
9193
7784
6855
13850
3141
12255
2933
10864
11654
12624
6860
10102
7078
4322
7390
4753
6479
7476
5461
4584
6037
1987
11691
4329
5511
7045
6462
10144
8175
5918
7405
8748
9869
4142
5361
8408
1835
5534
6191
1709
8351
4679
4676
7041
9765
8838
7740
9298
9242
14700
12482
7669
7966
3768
8892
13937
8132
11208
8618
8225
5551
5376
2253
1995
901
8057
7090
3674
7628
8648
1989
8692
8489
11199
7163
7525
12768
5051
3609
4236
4716
4845
3437
13425
8304
9595
2469
11993
7627
5165
9545
11570
8629
8281
8433
8689
9618
7149
10723
2374
11851
7800
4617
9498
16647
8874
3513
7083
11191
2042
5090
10466
8852
7271
1689
2842
1922
3657
4934
8125
7926
13987
4319
12555
1907
8768
4842
2443
