8313
11909
5936
9303
8246
4886
9254
7861
9320
11124
1836
6440
10658
7928
9119
5639
7169
11449
8885
6497
7583
10104
7917
4726
2485
7812
10042
8361
4220
4394
11243
5059
8884
15113
6878
14265
2772
8310
10073
6530
9808
8175
10844
4682
2301
9043
5173
8646
8518
9157
9911
10735
3739
7926
1799
7880
6852
13639
12503
2586
13948
12072
7333
11368
7084
6689
8355
8129
7069
414
10012
8375
9235
8717
10618
7115
5744
12380
8166
7335
7524
4465
2722
997
8418
6051
1758
12713
6356
10777
11965
8232
7683
7693
5459
12056
6446
11446
7656
14385
5458
10483
7423
5995
11866
7356
6564
14518
3976
2313
10946
5205
7969
4074
9441
7515
14063
8964
6315
7666
6939
9343
3714
9662
12058
8998
1137
7302
7464
14881
8483
5893
4143
2578
13746
3868
6820
11461
11727
1906
4535
6869
6169
10104
8136
4178
10523
9740
3107
5497
7029
15018
13063
8014
7928
6578
7727
8040
9602
4513
13114
8579
11794
835
9293
2843
12804
10040
7366
5686
8596
3938
7131
12956
1792
6635
7682
7203
9607
1438
6733
8700
7362
6213
12074
8894
10703
11961
6775
5726
3362
6562
2968
2742
9042
8948
8447
9857
5694
9837
9652
10764
9452
5818
7893
11969
13545
9564
9937
6112
8590
1462
6358
5694
11779
6321
6089
7031
9894
3480
4611
5924
7717
5787
6231
8435
5269
4746
6155
16628
14606
5563
5896
8579
8670
8242
7951
6462
5771
2777
8487
9047
8079
5680
5409
10954
6706
11820
13943
7450
7319
10582
5294
9587
5640
3112
1391
1215
9833
7340
7417
5498
9636
7437
7880
13390
7189
6486
12398
11444
7069
2934
11906
13397
9611
8504
4546
8728
3847
12259
9132
8835
4556
11009
6385
7706
10430
8173
4659
13667
12205
9851
3901
6952
4491
8757
8405
6618
7304
7664
13723
8449
4510
7231
11679
12171
6894
1339
6879
3693
8330
9232
4875
6833
16942
10243
10975
3476
7211
4961
5057
2902
2394
17743
7705
10069
6313
8396
9694
9302
5280
8112
8343
8629
9442
6860
2213
8369
12501
14100
16709
2480
9983
10626
8066
9849
7246
1714
6570
9319
17145
12878
8106
2905
8002
13237
13226
9136
7367
7958
5332
11963
12257
11460
9497
6359
11535
5591
5426
6575
17282
6285
6305
9849
7515
3589
4550
15582
7686
9089
5632
8208
10088
8882
7445
7471
2984
9662
8227
4912
12805
6704
6360
10178
6054
2304
8974
12941
10838
8045
11281
13961
15224
8558
10007
5979
9409
12229
2382
5954
7435
17491
9613
3370
5134
5840
7557
6119
7610
6937
345
2928
9456
5281
7254
5574
9546
6439
10468
6963
11553
14689
7507
7818
9307
10618
1424
12279
9034
12784
12867
3248
8399
8326
5674
8167
3001
9041
6846
10307
5575
11415
6457
6831
5339
2957
7831
3490
9633
9956
7254
10647
11942
7100
11436
6279
1124
7734
4444
6886
13850
6113
7899
9874
1299
8093
1650
6870
1271
12997
15305
6479
10936
5164
8464
13205
10198
6626
7744
8781
5647
7947
10001
10818
7640
8575
3257
6304
12900
11491
5775
5665
9027
8575
9761
10522
15250
7307
670
9321
7570
5596
5957
4684
9738
2858
14631
3238
7999
2627
6892
5479
5154
7692
10287
7112
8801
5731
1461
6370
8925
13461
3790
7495
6658
1426
9704
9334
7391
11762
7202
6558
6872
6733
12082
11783
2418
9936
7500
8014
7473
5254
7253
12230
7378
7419
10225
2592
9535
7203
8244
12168
8363
2656
12288
7865
14422
13674
6686
9254
13312
1421
3972
4634
20588
11027
9622
1916
4060
11132
3490
7974
10155
5816
9616
7585
2308
2610
3831
12348
6962
9828
7104
13610
6109
10763
4329
7898
12414
7280
9495
9242
6906
7248
876
5925
16662
3095
10719
11303
13254
9133
5822
4508
7394
13132
5918
6858
9556
9629
1839
7283
5089
7550
7379
11881
12993
9401
7826
8463
4320
5498
2791
7020
6466
4054
6784
8154
15094
7597
7528
6449
8330
8076
12864
6703
8356
9141
10276
11541
7236
3838
12551
7084
10918
2957
11599
8050
11523
10498
6936
11043
8637
12364
16814
8648
3028
10342
8488
9423
798
4795
12145
1952
4408
10794
11962
2887
8927
6004
7094
6650
10053
7628
10493
18047
7602
7544
1076
4556
2670
9527
4272
7514
6770
7224
6424
11114
8143
11292
8026
10862
12471
11413
11638
8654
10070
6818
6188
1526
8840
8393
9831
9325
10902
8024
10186
7048
8657
9048
8372
2216
9922
11338
9437
9487
8065
7222
7865
5690
927
2396
6701
5871
4603
8131
13493
6559
6874
6062
13393
6113
8915
2803
3060
1571
13180
8196
5968
4825
11212
5915
5691
8423
10646
3173
7090
1438
9175
3469
1906
5110
14447
7372
5661
15027
7697
10026
9449
9061
4280
11248
6266
6734
9483
6262
11852
3531
10098
8722
14897
13448
8360
4627
7725
5590
9184
1775
9431
9108
7807
6821
6217
3278
6841
544
5894
8715
11514
11566
14752
5150
6499
5155
13580
15561
9222
8698
9528
3650
6586
7322
4717
7518
6648
9290
11954
7537
12421
6132
13648
8092
7408
6810
8077
5626
11884
9423
6232
7455
7853
8614
5761
13413
7033
5798
8493
15830
2902
5997
4983
4582
9986
15164
10545
11374
7516
5574
6188
10296
8628
3977
2545
1896
4605
1464
6273
4278
10583
10433
7780
4686
10611
4554
6859
9099
9500
6082
4513
10385
5979
7945
10735
2574
4091
6035
2617
908
12366
2965
1743
2026
10337
5147
1981
7849
11454
2489
11625
10973
9563
10218
4904
4588
4643
6319
14319
3758
5560
10896
4727
6727
7155
3356
5619
4833
11740
9264
4215
10219
14527
7659
10335
10300
10991
7884
15080
9276
8374
10918
7497
9005
7630
8528
1177
6263
8581
7399
8352
1367
1711
5273
1991
5262
9491
2213
6626
8676
3557
8826
7824
9349
2376
4535
7115
1056
6979
8150
8559
9300
5235
6776
8593
10656
6333
5441
15896
7924
9799
6285
5446
1478
11772
14185
10839
8670
1639
11207
6721
7528
7577
7247
11665
9244
7067
11333
9379
4832
9552
8163
11633
18067
5731
3798
10191
5846
2954
3736
6403
8858
8118
11767
3088
8938
9503
9731
5739
9612
6683
3189
8255
3452
8613
5863
1301
6225
8605
7676
7995
2851
5891
8486
6421
5505
13093
6795
12916
14305
9767
1424
13323
8384
16048
8184
11552
10568
11515
9585
6090
7380
8492
4108
6691
7240
6898
6551
7437
12222
8448
10906
2192
1663
4657
6949
6164
3333
4489
9544
2190
7252
5197
5161
8737
3980
5487
9079
1956
9565
5890
7752
9469
4435
1737
11947
6253
6389
8592
6660
12259
9500
5769
10355
8507
11336
7629
7215
8965
997
12326
1642
3312
11519
10394
762
10063
4521
6641
14620
5663
6300
7174
2991
3948
7113
8093
8320
1524
3462
3216
616
3934
6403
10606
6003
2647
9833
3498
2663
7043
9377
3298
9815
1736
7066
3632
19373
9519
7653
2735
5233
16636
7809
8325
4756
7172
9076
10411
12249
4131
11295
5979
11229
7775
10704
7137
14774
4061
6436
6775
13370
5943
8508
6691
7874
16967
8668
11360
1039
13763
10885
7908
1428
4645
17402
10236
6816
9046
16874
1424
9369
8102
8080
9128
10575
3001
5551
3671
4404
5356
13793
6513
10985
6941
6589
4826
466
6097
4678
9952
5077
2038
2005
10061
7150
5959
12529
7166
5106
6006
8740
14141
1409
7660
7781
11209
4769
9193
7784
6855
13850
3141
12207
2933
10864
11595
12624
6860
10102
7078
4322
7390
4753
6416
7476
5461
4524
6037
1927
11623
4266
5511
7045
6462
10072
8175
5918
7405
8748
9869
4142
5361
8408
1835
5468
6191
1709
8351
4612
4676
7041
9765
8838
7740
9298
9242
14700
12482
7605
7911
3768
8892
13866
8072
11208
8618
8225
5486
5313
2253
1995
901
8057
7090
3674
7578
8648
1989
8692
8489
11148
7163
7468
12700
5004
3609
4158
4716
4845
3437
13425
8304
9595
2469
11993
7627
5110
9545
11501
8629
8281
8369
8689
9618
7149
10723
2374
11851
7800
4560
9498
16647
8874
3513
7083
11191
2042
5025
10466
8852
7271
1625
2842
1922
3499
4872
8068
7926
13926
4319
12489
1907
8706
4842
2443
