9217
4492
9431
3363
18133
10970
4771
9854
12059
5990
1584
1347
4566
9556
6164
8702
2085
9425
11389
1905
6637
1300
8165
7434
9176
10229
9243
6654
9301
1191
6273
6263
15604
11120
462
5051
5382
10707
13717
8859
8415
5534
12469
11377
8227
5045
929
7904
7750
4172
3468
2617
5578
2999
11840
7960
7777
10606
5415
5630
4990
7290
8257
10920
6912
9412
9058
9815
2236
16867
7004
1157
9066
10411
2707
9221
9871
10536
7659
3465
11071
7278
9937
10310
9205
6514
1005
10170
1984
9221
8382
2140
16368
9909
3895
8629
4877
8590
685
8250
9894
7448
5587
12815
7347
9312
9815
13015
10096
1692
5989
6850
8203
5968
16463
8370
5564
8912
8481
14176
5656
1344
2742
6881
7114
1339
9480
6914
7196
10007
7027
10279
7800
10140
9533
8757
2616
9384
8868
8104
7912
6592
711
8784
7174
7585
4950
8131
7705
8182
8452
8568
13038
14878
7950
7680
7939
5028
13329
12032
7774
9645
9322
7026
6731
15224
4046
13397
12581
6239
10814
10239
3559
11053
7059
1833
4537
8947
4960
12118
4881
9692
13743
14152
11792
18374
8932
6590
1381
12472
3664
5551
7008
5810
13088
15002
1464
9457
6922
6878
14445
6776
14329
7883
9381
5136
7728
11233
6922
11431
9074
9435
12119
9774
7700
7226
2025
6391
2352
9360
9837
6530
3045
11545
8920
5142
7326
778
21186
4211
10000
8791
10172
9589
1412
9244
7065
4681
10538
2960
4262
7611
8482
8052
7099
2307
7774
12107
6093
425
7827
10650
9749
9905
19460
5953
9700
8440
14652
9614
6450
5457
14188
4520
5919
7046
16473
3820
2477
7574
13272
9199
9182
1717
10246
7085
5603
3624
9341
12616
10602
8335
12496
2081
14349
6895
7084
4116
770
10198
12113
7856
7682
8711
7652
10134
13120
9662
2090
11796
2031
7568
9290
8277
9044
3337
9185
4747
7937
1226
7011
5512
11017
7055
6923
6348
13852
7664
15626
5921
6690
8230
4509
5003
1817
4295
6479
10007
15873
5227
4956
10541
4468
7372
13117
5696
5308
7884
4776
9027
8247
5375
5738
12966
3992
12974
5335
3882
6137
1900
4227
12040
8732
9783
491
6565
12623
11445
11161
3008
6599
1521
9211
6670
5771
7779
5600
7975
9221
4152
7221
8974
12687
7357
8780
4139
6906
6542
8531
11012
1775
6394
11426
8500
7945
7565
13093
12769
8768
9591
2496
16350
7230
6885
7989
16482
13809
7601
9194
5991
9651
13930
13119
10647
9427
5236
3226
9082
7886
7189
2703
1713
8639
14189
11374
7594
6081
9661
1670
7873
11428
12732
8631
3037
4156
6038
6339
9422
2274
6140
3716
12650
2568
9670
1553
7492
7599
6001
10392
12792
6825
15781
15927
11421
11198
10695
7134
1956
9813
6119
2756
5095
8192
6842
7672
2672
3631
6818
5669
6419
12225
11544
23445
1764
5439
3617
1983
9243
4640
9037
6936
6876
6276
6992
6355
9124
8991
3189
7798
6446
3759
8593
6909
7564
6958
6198
6157
17525
6321
8609
3930
10207
4976
8450
2351
8562
1362
11579
6223
1020
10354
13821
7700
13362
2146
2661
14927
6512
11650
5173
9994
10691
5093
7234
7791
3562
11461
6860
14432
18733
9826
948
8625
4016
9554
6089
11506
14742
11948
3041
10909
8755
9687
3926
8027
2500
11501
8743
6450
9845
8032
2050
7751
2348
8996
14739
3415
6193
3908
6159
12081
2124
5619
14949
9882
3016
6473
1948
5314
2946
14095
6923
712
11513
2152
8138
11532
12997
5856
14117
10958
17913
12808
5887
7581
9468
5941
1169
9477
7653
3638
9467
4082
8029
8885
6658
8004
1159
9879
4784
5987
338
6290
12398
12988
8767
11976
8626
15153
7680
876
11368
12164
2580
7889
1494
6723
5008
6379
5021
5924
6971
1588
2871
4930
14363
8917
12319
3827
11540
9448
1245
8774
10443
11890
1703
347
1702
11684
8973
2781
5705
4693
11397
8536
3102
3088
14876
8660
8275
6069
7055
7231
10066
14111
8026
11326
11304
6981
7093
4803
11991
11703
9741
10250
11619
2574
11452
8107
10231
8592
1578
3983
3990
6347
2577
8804
727
6314
6524
8127
4000
7656
5887
10605
2080
1865
9671
9398
9807
7480
6772
8296
9104
1714
3450
8924
6791
9908
9658
8761
5753
6762
11723
7559
8057
10389
4642
9245
5017
7678
7404
9062
4827
7207
2463
4760
7915
9807
8725
6950
5427
2500
11056
3534
4553
8562
3249
2501
14095
12515
310
5081
3571
1294
2756
7478
13875
12046
4071
9059
1819
1326
8092
3935
2279
5499
11192
12779
5656
8003
10900
3806
6891
1876
11443
3017
11038
10986
3931
10699
9571
12273
4741
6912
9079
10307
10147
4862
6069
6229
7290
5182
11833
10239
2019
8293
15675
12277
2687
10398
5447
13815
7341
2872
8006
11275
10632
4298
5616
15196
11242
5612
6848
10266
7736
5293
12036
7313
5657
11026
1618
11895
2339
7466
2374
7606
5948
10786
7754
5704
8158
2423
5619
4311
8559
11108
4947
6318
11384
4475
15668
12693
9607
7477
6544
2259
4006
6225
4790
9040
237
8183
9130
5595
4767
6160
1368
1788
7030
7898
2335
6468
10451
5176
7522
4011
12594
5729
12016
6928
11411
2648
6065
6986
7195
6050
1421
5712
2285
7953
2785
5041
4121
3208
4941
8083
2821
7249
5796
6040
10312
9807
5520
7268
3240
8041
10916
11354
7261
13358
11166
10347
18150
4837
17463
6798
7405
11560
11995
6394
8589
9038
8215
1513
4443
6707
4883
7853
8967
10894
7233
6583
4371
10166
10534
9726
6620
424
9667
7358
13750
4311
6917
1964
1206
7581
5204
4550
1894
10161
6709
5787
4132
7558
3416
10767
5732
10924
8803
2554
6505
6392
9225
4080
7336
10008
7551
9503
8359
16618
13195
9291
3449
6801
8392
10176
9203
1281
7950
4629
6300
8795
2859
8194
11307
7347
5657
9249
7576
8085
1035
11744
4574
7568
8257
7847
15091
7525
8024
4869
9906
5534
6852
9811
10496
12732
8892
11038
10651
12654
7224
7252
1689
4174
9243
7555
11635
9980
8729
5503
15453
12597
5072
7588
8519
2265
12854
5656
7858
15060
6143
6674
9610
7345
14077
11907
8190
11973
15185
5273
9920
8288
7443
13967
14414
2779
9187
8264
7580
18461
8307
10216
5788
12743
8298
6816
9412
6411
9081
5589
8166
7585
9921
5141
4293
10876
9371
6611
8766
11807
4075
10045
6904
5230
5667
6669
8370
1628
13068
8782
5925
5951
6228
730
4086
1457
15497
10099
5286
7132
5483
7779
5959
11386
5099
9763
13554
4664
8592
4068
8514
8546
7878
6526
6486
7713
12415
9047
5870
11187
10016
3644
5094
8114
11694
14533
9778
6600
5239
7893
7821
3910
2480
2252
11417
11774
1530
7337
9721
1919
11777
5683
4881
10923
9460
7145
9792
2216
9279
5838
5423
1405
4800
2970
6786
12122
7536
5915
7872
2964
1991
10786
10676
1344
9942
8885
4119
8429
5823
8310
8847
11764
8174
8991
10497
8921
6436
7422
7143
7069
7223
9244
6846
8504
10457
5221
7328
3670
8348
12045
7937
10004
13344
1996
7343
7463
10225
11166
4646
6171
5700
12705
2718
6137
6666
7330
12089
12895
2260
7931
9707
7117
6376
15874
4971
13718
12650
1384
1495
1060
10902
6059
8422
11605
9665
7193
7596
6959
9782
10680
15362
12182
6351
8237
3168
6873
8974
4001
7837
10581
5904
4530
5111
8457
6646
1541
1810
6454
5611
17244
2062
7683
11081
12810
21686
1358
7161
7837
5577
10034
6017
11054
4211
6294
7199
12422
6635
6190
9654
13288
9680
2287
5096
6505
11076
9312
19864
4668
7050
11200
864
8372
14331
8386
10196
6594
5251
10955
6700
1873
5813
10256
2280
12356
10032
9511
8916
12488
14205
12170
2646
5135
8658
14535
2205
11091
7962
6939
6325
11078
9442
8057
19593
5247
4610
3357
4205
6552
7584
4288
12354
6795
11513
1059
10504
6439
7205
5251
8049
9164
8463
9379
8696
6218
1071
3243
10142
6717
7707
5848
6744
8257
12836
4376
5142
14697
8178
11607
10752
3911
7746
12844
5253
9066
8262
8553
7638
6801
6342
10118
5682
2190
6859
12197
869
3556
9594
10065
6972
3585
5622
6277
7324
8235
12370
6629
3350
4579
7044
10687
13551
5453
14616
476
7509
4701
2287
6052
7807
11860
7631
2767
14907
8530
6497
462
10553
9594
5593
12536
5469
7126
8066
5042
9300
10282
2347
8740
6052
5259
5266
4552
7384
5057
11725
3430
8151
5346
5331
5759
13392
5111
9517
14581
355
5202
3472
6681
6309
8608
11325
7166
8618
4621
8503
9575
7387
1657
7781
5147
2618
5978
2547
5706
9064
11410
8645
8965
6885
5834
9918
5289
8735
3816
8097
4199
2983
4109
10858
10751
2444
6570
7326
7038
1515
5922
8373
7142
5316
7057
6000
9965
1849
6986
4848
7901
4517
1570
7803
7276
2666
7548
14620
5216
9852
4029
7705
7677
7154
350
11284
5998
7602
8962
1670
676
9812
4949
10654
5410
8357
9357
8395
4038
5551
2300
13977
7639
10598
15724
3258
7109
6598
1782
12909
6125
2646
14437
20315
8877
4872
8061
1966
8923
6674
10136
3792
12179
9293
11363
8641
9981
11525
1863
8646
5663
7904
8673
7598
8568
5970
8680
345
6660
13768
5853
10345
2974
9914
5144
1409
2248
7024
6883
7899
5286
3363
6817
3475
1227
5386
16908
2938
6585
2284
14961
7649
8436
8567
10867
3334
2269
8756
6812
5577
4525
6727
9461
9583
11435
10631
10257
2501
9410
9037
11182
5555
8804
3523
14443
11410
8292
1732
16603
10809
1287
8743
2607
14801
11196
11755
15065
7337
5133
3104
3746
9940
5300
13135
8059
11135
4828
3615
6433
6924
10252
8874
1195
6714
9468
4435
12523
7724
2019
2292
9522
5421
14161
13105
11126
10523
5453
3622
1735
6168
9576
2440
6135
8057
11986
5623
7710
6545
7189
12149
3920
11884
6856
5690
4787
15142
4489
6807
12913
6327
13033
5405
7437
6640
8313
10942
8067
7401
9763
1300
11880
7959
9771
10001
7491
9750
7944
9349
10712
6272
9781
11429
1987
11685
3021
11391
14886
6064
5678
7300
7680
12343
1665
7249
9733
6147
8979
8029
8082
10319
4604
9571
9265
10995
3986
4593
7707
12230
6899
4809
10015
9488
10325
6522
6145
1947
8498
8138
8982
16309
1729
7211
12025
2043
10037
9518
4872
5242
8373
1810
8312
3747
2005
10513
8974
5421
5109
6413
10806
10817
6272
708
5948
4025
8682
2733
7009
9963
1630
9900
2715
6320
2580
14884
936
13533
6730
8271
13715
7395
6807
6671
7162
6998
8068
4530
2037
12536
12213
1321
442
16023
3855
9720
10192
11519
1722
5513
12918
4045
8338
4934
1398
1219
11453
12845
8891
5393
8548
8631
971
8073
6431
9595
3563
7183
5064
14782
4701
12910
13864
11159
9194
9849
11888
10324
4801
8818
8023
2856
7668
3230
8848
10665
6602
6693
8037
9401
2043
3962
11762
5308
3097
8227
9315
7957
8833
5515
2427
4656
12480
5977
2143
7315
7223
4685
8168
